v. 230112
4
2868 0 4 0  520.395  708.188 -106.192  615.952  665.626 -106.288
2444 0 4 0  819.991  435.005 -60.5123  910.142  366.722 -60.3883
2509 0 4 0  195.501  438.191 -59.9895  250.139  356.717 -59.8246
2718 0 4 0  519.973   68.737 -71.3231 638.095 58.6961 -71.445
4
3
0
speedup 1
offset 0
have_timestamps 1
50
581.952 700.626 -106.22 1
581.952 700.626 -106.22 1
 589.952  700.626 -106.253 25
 596.952  697.626 -106.275 48
 601.952  693.626 -106.288 68
 608.952  687.626 -106.304 90
 612.952  679.626 -106.304 110
 615.952  665.626 -106.288 131
 612.953  656.626 -106.257 153
 606.953  649.626 -106.218 174
 588.953  636.626 -106.118 195
 571.953  624.626 -106.024 216
 561.953  621.626 -105.977 238
 552.953  618.626 -105.934 259
 545.953  617.626 -105.903 280
 539.953  617.626 -105.879 301
 518.954  617.626 -105.793 322
 488.954  623.626 -105.683 344
 470.954  628.626 -105.619 365
 450.954  636.626 -105.554 386
 436.954  651.626 -105.527 407
 433.954  661.626 -105.535 428
 447.954  677.626 -105.625 449
 462.954  686.626 -105.705 471
 487.953  696.626 -105.828 492
 507.953  704.626 -105.926 513
 518.953  707.626 -105.977 534
 528.953  711.626 -106.026 555
 532.953  713.626 -106.046 576
 533.953  713.626 -106.051 598
 536.953  713.626 -106.063 619
 548.927  713.136 -106.111 640
 561.058  712.451 -106.159 661
 572.473  711.408 -106.204 682
 581.352  709.862 -106.237 703
 586.303  707.881 -106.253 724
 587.637  705.799 -106.254 746
 586.869  703.991 -106.247 1
  585.44  702.647 -106.239 1
 584.133  701.761 -106.231 1
  583.18  701.221 -106.226 1
 582.514  700.889 -106.223 1
581.952 700.626 -106.22 1
581.952 700.626 -106.22 1
581.952 700.626 -106.22 1
581.952 700.626 -106.22 1
581.952 700.626 -106.22 1
581.952 700.626 -106.22 1
581.952 700.626 -106.22 1
581.952 700.626 -106.22 1
1
speedup 1
offset 0
have_timestamps 1
50
 909.142  433.721 -60.5211 1
 913.142  432.721 -60.5354 23
 918.142  425.721 -60.5416 45
 923.142  416.721 -60.5436 67
 926.142  401.721 -60.5252 87
 926.142  389.721 -60.5007 108
 920.142  376.721 -60.4496 131
 910.142  366.722 -60.3883 152
 906.142  364.722 -60.3678 173
 904.142  363.722 -60.3576 194
 897.142  361.722 -60.3249 215
 894.142  359.722 -60.3085 236
 885.143  358.722 -60.2697 259
 871.143  357.722 -60.2104 280
 863.143  357.722 -60.1777 301
 854.143  362.722 -60.1511 327
838.143 368.722 -60.098 348
 830.143  372.721 -60.0735 369
 825.143  378.721 -60.0653 390
 824.143  382.721 -60.0694 412
 823.143  386.721 -60.0735 435
 823.143  393.721 -60.0878 456
 835.143  404.721 -60.1593 479
 848.142  411.721 -60.2268 499
 862.142  420.721 -60.3024 521
 873.142  426.721 -60.3596 541
 878.142  430.721 -60.3883 562
 881.142  431.721 -60.4026 585
 882.142  432.721 -60.4087 608
884.502 433.055 -60.419 629
 887.209  433.458 -60.4309 651
890.468 433.828 -60.445 672
894.265 434.046 -60.461 694
 898.227  434.092 -60.4773 716
 901.795  434.031 -60.4917 737
 904.578  433.939 -60.5029 1
 906.497  433.857 -60.5106 1
 907.698  433.799 -60.5154 1
   908.4  433.762 -60.5182 1
 908.817   433.74 -60.5198 1
 909.142  433.721 -60.5211 1
 909.142  433.721 -60.5211 1
 909.142  433.721 -60.5211 1
 909.142  433.721 -60.5211 1
 909.142  433.721 -60.5211 1
 909.142  433.721 -60.5211 1
 909.142  433.721 -60.5211 1
 909.142  433.721 -60.5211 1
 909.142  433.721 -60.5211 1
 909.142  433.721 -60.5211 1
2
speedup 1
offset 0
have_timestamps 1
50
307.139 364.717 -60.074 349
 302.139  360.717 -60.0454 370
 299.139  359.717 -60.0311 391
 297.139  359.717 -60.0229 412
 295.139  358.717 -60.0127 432
 289.139  357.717 -59.9861 454
 270.139  356.717 -59.9064 475
 250.139  356.717 -59.8246 498
 236.139  357.717 -59.7695 520
 218.14 359.717   -59.7 542
  211.14  362.717 -59.6775 564
 204.14 366.717 -59.657 586
  200.14  368.717 -59.6448 609
  197.14  372.717 -59.6407 630
  195.14  378.717 -59.6448 651
 194.14 385.717 -59.655 672
 194.139  394.717 -59.6734 694
196.139 404.717 -59.702 718
 209.139  415.717 -59.7776 739
 218.139  420.717 -59.8246 761
 232.139  426.717 -59.8941 782
 236.139  428.717 -59.9146 803
240.139 429.717 -59.933 824
 245.092  431.024 -59.9559 845
 250.342  432.073 -59.9795 867
 255.777  432.433 -60.0025 888
 260.581  431.537 -60.0203 909
 263.818  429.236 -60.0288 931
 265.298  426.117 -60.0285 953
  265.57  423.056 -60.0233 1
 265.302  420.624 -60.0173 1
  264.92  418.952 -60.0123 1
 264.597  417.905 -60.0088 1
 264.353  417.246 -60.0065 1
 264.139  416.717 -60.0045 1
 264.139  417.717 -60.0066 23
 265.139  417.717 -60.0107 46
 269.139  418.717 -60.0291 67
 271.139  418.717 -60.0372 88
 275.139  418.717 -60.0536 109
 279.139  418.717 -60.0699 132
 288.139  416.717 -60.1026 154
 296.138  412.717 -60.1272 176
 305.138  406.717 -60.1517 197
 309.138  403.717 -60.1619 219
 311.138  398.717 -60.1599 240
 313.139  393.717 -60.1578 261
 314.139  385.717 -60.1456 283
 314.139  377.717 -60.1292 304
 311.139  371.717 -60.1047 328
3
speedup 1
offset 0
have_timestamps 1
50
 622.398  64.9126 -71.3936 2
 625.274  64.7954 -71.4051 23
628.244 64.6904 -71.417 44
 630.82 64.4297 -71.427 65
  632.92  63.7534 -71.4342 86
634.729  62.478 -71.439 106
 636.425  60.6856 -71.4423 127
638.095 58.6961 -71.445 148
 641.095  49.6961 -71.4389 169
 643.095  36.6962 -71.4205 190
 643.095  31.6962 -71.4103 211
 643.095  31.6962 -71.4103 231
 642.095  30.6962 -71.4041 253
 637.095  28.6962 -71.3796 274
 634.095  28.6962 -71.3674 294
631.095 27.6962 -71.353 315
 623.095  27.6962 -71.3203 336
 612.095  28.6962 -71.2774 357
 603.096  29.6962 -71.2427 378
 587.096  30.6962 -71.1793 401
 582.096  30.6962 -71.1589 423
 580.096  31.6962 -71.1527 444
 575.096  31.6962 -71.1323 465
 567.096  35.6962 -71.1078 485
 558.096  39.6962 -71.0791 508
 551.096  42.6961 -71.0566 529
 550.096  44.6961 -71.0566 550
 549.096  45.6961 -71.0546 571
 548.096  49.6961 -71.0587 592
549.096 53.6961 -71.071 613
 555.096  55.6961 -71.0996 635
 562.096  58.6961 -71.1343 655
 573.096  61.6961 -71.1854 677
578.095 63.6961  -71.21 698
 583.095  65.6961 -71.2345 720
 587.095  65.6961 -71.2508 741
 590.095  66.6961 -71.2651 762
 593.095  66.6961 -71.2774 783
 597.095  66.6961 -71.2938 805
 601.095  66.6961 -71.3101 826
 604.095  66.6961 -71.3224 848
 607.095  66.6961 -71.3346 869
 610.095  66.6961 -71.3469 890
 613.095  66.6961 -71.3592 911
 615.095  66.6961 -71.3674 933
 616.095  66.6961 -71.3714 954
 617.304  66.3126 -71.3756 974
 618.224  65.8645 -71.3784 996
 618.999  65.4388 -71.3807 1019
 620.239  65.1164 -71.3852 1040
